Genus	MB22f4	MB22f5	MB22f7	MB22f8	MB23f1	MB23f5	MB23f7	MB24f1	MB24f2	MB24f3	MB24f4	MB25f3	MB25f5	MB26f1	MB26f2	MB26f3	MB26f4	MB26f5	MB26f6	MB26f7	MB26f8	MB26f9	MB27f1	MB27f2	MB27f3	MB27f5	MB29f2	MB29f3	MB29f4	MB29f5	MB29f6	MB29f8	MB30f1	MB30f2	MB30f3	MB30f4	MB30f5	MB30f6	MB31f1	MB31f2	MB31f3	MB31f4	MB31f5	MB32f1	MB32f2	MB32f3	MB32f4	MB32f6	MB33f1	MB33f2	MB33f3	MB33f4	MB33f5	MB33f6	MB33f7	MB33f8	MB34f1	MB34f2	MB34f3	MB34f5	MB34f6	MB34f7	MB35f1	MB35f2	MB35f3	MB35f5	MB35f6	MB36f1	MB36f2	MB37f2	MB37f3	MB37f4	MB37f6	MB37f7	MB38f1	MB38f2	MB38f3	MB38f4	MB38f5
Acetobacter	0	0	0	0	0	0	0	0	0	0	0	3.346536	2.274254	0	0	0	0	0	0	0	0	0	0	0	0	0	0	0	0	0	0	0	0	0	0	0	0	0	0	0	0	0	0	0	0	0	0	0	0	0	0	0	0	0	0	0	0	0	0	0	0	0	0	0	0	0	0	0	0	0	0	0	0	0	0	0	0	0	0
Acidaminococcus	0	0	0	0	0	0	0	0	0	0	0	6.435494	17.308757	0	0	0	0	0	0	0	0	0	0	0	0	0	0	0	0	0	0	0	0	0	0	0	0	0	0	0	0	0	0	0	0	0	0	0	17.132427	7.894993	8.025546	0	1.615778	0	5.961725	3.908835	0	0	0	0	0	0	0	0	0	0	0	0	0	0	0	0	0	0	0	0	0	0	0
Akkermansia	0	0	0	0	0	0	0	0	0	8.464796	8.725868	20.432307	4.727706	0	0	0	0	0	0	0	0	0	2.415003	0	0	0	0	0	0	0	0	0	13.587540	0	0	1.868301	0	12.561411	0	0	0	0	0	0	0	0	0	0	4.140620	0	0	0	0	0	0	20.207355	0	0	0	0	0	0	3.058539	18.323986	0	0	0	0	3.870602	0	0	0	0	0	0	0	0	0	0
Alistipes	4.096707	13.165791	117.520563	49.035426	0	0	0	34.930903	57.922089	208.882608	149.725363	91.875369	53.194571	176.437082	157.250467	514.094269	63.994760	590.855304	91.936569	232.333283	859.763303	267.349365	46.969222	26.381760	67.626706	6.780716	9.799726	70.891553	96.709713	18.805920	14.346559	29.829043	85.532954	79.517409	50.139136	17.607622	9.696032	129.066576	154.588204	143.277956	164.194560	16.659857	30.414549	453.103474	505.350319	189.224861	1365.639521	454.127789	216.678558	445.396377	514.159335	116.521970	254.897260	74.665205	295.870946	281.996766	37.596708	154.832214	475.230897	33.418028	18.156883	65.979370	88.103619	205.582770	49.708572	15.601552	55.922605	62.917151	167.430470	85.297033	54.356592	159.540802	20.209616	49.994103	25.509947	31.993114	39.049958	31.038455	14.340113
Anaerobutyricum	3.271084	24.222979	44.927910	15.736766	0	0	0	0	0	0	5.827045	0	0	0	0	0	0	0	0	0	0	0	0	0	0	0	0	0	0	0	0	0	0	2.665287	5.085321	0	0	3.062135	0	0	0	0	0	0	0	0	0	0	0	0	0	2.220724	7.795220	0	4.798639	3.210532	0	0	0	0	0	0	0	0	0	0	0	0	0	0	0	0	0	0	0	0	0	0	0
Anaerostipes	0	0	0	0	0	0	0	0	0	0	0	0	0	0	0	0	0	0	0	0	0	0	0	0	2.593462	0	0	0	0	0	0	0	0	1.877438	1.708692	0	0	13.972496	0	0	0	0	0	0	0	0	0	0	0	0	0	0	0	0	0	0	0	0	0	0	0	0	0	0	0	0	0	0	0	0	0	0	0	0	0	0	0	0	0
Anaerotruncus	0	0	0	0	0	0	0	0	0	0	0	0	0	0	0	0	0	0	0	0	0	0	0	0	0	0	0	0	0	0	0	0	0	0	0	0	0	0	20.696081	16.949395	15.564806	0	0	0	0	0	0	0	0	3.127656	4.595873	0	5.444836	0	11.530609	20.431864	0	0	0	0	0	0	0	0	0	0	0	0	0	0	0	0	0	0	0	0	0	0	0
Bacteroides	0	0	2.065142	0	0	0	0	18.454527	84.737809	356.544061	221.405757	1.821128	0	32.653501	31.709303	100.908139	13.799381	93.268548	25.771252	110.841128	284.100279	89.103945	8.977387	6.295132	10.680220	7.164244	0	39.123353	56.982030	2.981855	0	0	215.248888	99.180502	46.888496	18.791342	34.945797	123.249562	766.061110	457.327558	655.519135	99.529598	471.268665	123.680621	181.584825	112.244246	595.462873	193.277037	98.962561	122.819710	141.459740	51.913423	92.171821	7.417935	77.122552	72.008636	28.354288	75.669132	152.135161	2.181754	0	6.437956	84.878576	149.030383	35.406051	23.640862	42.136102	23.899414	30.354205	86.143404	45.949331	87.404366	15.898752	40.873230	38.568907	114.628201	79.607717	68.729243	44.396017
Bifidobacterium	0	0	5.779181	2.963227	0	0	0	0	0	1.715093	3.239701	0	0	0	0	0	0	0	0	0	0	0	0	0	0	0	0	1.479491	0	0	0	0	0	0	0	0	0	2.392920	12.382969	370.851824	859.042128	78.982300	8.676481	1.742904	0	0	2.403110	0	0	2.008094	0	0	4.966979	0	3.721912	6.871766	0	0	0	0	0	0	0	2.393371	0	0	1.994037	0	0	0	0	0	0	3.679879	3.476038	2.365837	15.468253	2.085372	0
Bilophila	0	0	0	0	0	0	0	0	0	0	0	0	0	4.349594	6.608088	26.890269	0	35.030303	1.811978	12.790229	57.075312	15.532915	0	0	0	0	0	1.794253	1.285680	0	0	0	0	0	0	0	0	0	0	0	0	0	0	4.199377	6.390891	2.560780	5.706586	3.586501	0	11.777785	12.073241	0	0	0	0	0	0	2.123196	7.716882	0	0	0	3.782665	8.721259	0	0	0	1.779650	4.164661	16.033606	6.236941	23.555126	0	0	0	0	0	0	0
Blastocystis	0	0	0	0	0	0	0	9.455119	7.334157	14.269192	9.383475	0	0	0	0	0	0	0	0	0	0	0	0	0	0	0	0	0	0	0	0	0	0	0	0	0	0	0	0	0	0	0	0	0	0	0	0	0	0	0	0	0	0	0	0	0	0	0	0	0	0	0	0	0	0	0	0	0	0	0	0	0	0	0	0	0	0	0	0
Blautia	0	0	1.765447	0	0	0	0	0	0	0	0	0	0	0	0	3.311630	0	2.613606	0	0	10.265369	0	0	10.486272	4.690934	0	0	0	7.207739	2.426147	0	0	0	0	0	2.113714	7.879965	49.682664	8.651527	0	2.629261	0	0	7.536870	0	0	7.384599	2.040388	0	0	0	0	2.006511	0	0	0	0	6.287148	12.330205	0	0	3.592440	0	0	0	0	0	9.216961	17.344090	0	0	0	0	0	0	0	0	0	0
Butyricicoccus	0	0	0	0	0	0	0	0	0	0	0	5.925243	3.573482	0	0	0	0	0	0	0	0	0	0	0	0	0	0	0	0	0	0	0	0	0	0	0	0	12.099695	5.170206	3.490282	3.865920	0	0	0	0	0	0	0	0	0	0	0	0	0	3.096187	3.311439	0	0	0	0	0	0	0	2.843133	0	0	0	2.770538	4.163102	0	0	0	0	0	0	0	0	0	0
Butyricimonas	0	0	0	0	0	0	0	0	0	0	0	0	0	0	0	0	0	0	0	0	0	0	0	0	0	0	0	0	0	0	0	0	0	0	0	0	0	3.707224	0	0	0	0	0	9.210213	8.898108	4.331517	34.434130	12.589302	0	0	0	0	0	0	0	0	0	0	0	0	0	0	0	0	0	0	0	0	0	0	0	0	0	0	0	0	0	0	0
CandidatusAmulumruptor	0	0	0	0	0	0	0	0	0	0	0	0	0	0	0	0	0	0	0	0	0	0	0	0	0	0	0	0	0	0	0	21.103256	0	1.715947	0	0	0	2.697969	0	0	0	0	0	0	0	0	0	0	0	0	0	0	0	0	0	0	0	0	0	0	0	0	0	0	0	0	0	0	0	0	0	0	0	0	0	0	0	0	0
CandidatusAvimicrobium	0	0	0	0	0	0	0	0	0	0	0	0	0	0	0	0	0	0	0	0	2.551336	0	0	0	0	0	0	0	0	0	0	0	0	0	0	0	0	0	0	0	0	0	0	0	0	0	2.863226	0	0	0	0	0	0	0	0	0	0	0	0	0	0	0	0	0	0	0	0	0	0	0	0	0	0	0	0	0	0	0	0
CandidatusBorkfalkia*	0	0	0	0	0	0	0	0	0	0	0	0	0	0	0	0	0	0	0	0	0	0	0	0	0	0	0	0	0	0	0	0	3.326453	0	0	0	0	0	2.256362	0	1.767389	0	0	0	0	0	0	0	0	0	0	0	0	0	0	0	0	0	8.760621	0	0	0	0	0	0	0	0	0	0	0	0	0	0	0	0	0	0	0	0
CandidatusProtoclostridium	0	0	0	0	8.789535	0	3.330330	0	0	0	0	0	0	0	0	0	0	0	0	0	0	0	0	0	0	0	0	0	0	0	0	0	0	0	0	0	0	0	0	0	0	0	0	0	0	0	0	0	44.196330	299.622220	194.214840	13.904273	37.419834	27.364990	41.545340	45.215595	6.442071	20.738039	32.422784	2.387993	2.060403	7.100916	0	0	0	0	0	0	0	0	0	0	0	0	0	0	0	0	0
Chitinophaga	0	0	0	0	0	0	0	0	0	0	0	0	0	0	0	0	0	0	0	0	0	0	0	0	0	0	0	0	0	0	0	0	0	0	0	0	0	0	0	0	0	0	0	0	0	0	0	0	3.169706	0	0	0	0	0	0	0	0	0	0	0	0	0	0	0	0	0	0	0	0	0	0	0	0	0	0	0	0	0	0
Clostridium	0	0	13.078034	0	0	2.157103	4.174776	0	0	0	2.564366	0	0	0	2.314626	24.899011	0	14.766598	0	2.292980	75.479312	8.808757	0	0	0	0	0	4.177169	13.611339	0	0	0	9.643257	7.024943	2.153761	1.767562	2.822880	5.236715	9.753462	0	12.696296	0	9.929452	9.244811	20.915622	3.200430	77.114652	6.184308	6.649577	10.461751	11.884587	0	4.942652	0	8.374927	13.493164	0	0	0	0	0	0	0	0	0	0	0	3.439275	12.405172	2.250132	1.933007	5.703971	0	0	0	0	2.119949	0	0
Collinsella	0	0	0	0	0	0	0	0	2.886926	3.892962	0	0	0	0	0	0	0	0	0	0	1.543067	0	0	0	0	0	0	0	0	0	0	0	2.403671	3.206214	2.224568	7.961949	5.147073	25.336122	2.944425	0	0	0	0	0	2.236490	0	2.650858	2.414260	0	0	0	0	0	0	0	0	0	0	0	0	0	0	0	0	0	0	0	0	3.394188	0	0	0	0	0	0	0	0	0	0
Coprobacter	0	0	0	0	0	0	0	0	0	0	0	0	0	0	0	0	0	0	0	2.118838	5.465551	0	0	0	0	0	0	0	0	0	0	0	4.292820	2.307958	2.480969	0	4.772059	6.096021	2.514490	3.660035	3.867863	0	1.969507	0	0	0	3.638192	0	0	0	0	0	0	0	0	0	0	2.609429	14.200259	0	0	0	0	0	0	0	0	0	0	0	0	0	0	0	0	0	0	0	0
Coprococcus	0	0	0	0	0	0	0	0	0	0	0	0	0	4.184083	4.492737	8.382600	2.327654	12.419282	1.874173	3.462981	14.988753	5.049767	0	0	2.651495	0	0	0	0	0	0	0	5.323667	0	0	0	0	15.272882	0	0	0	0	0	10.072822	4.342436	0	45.626527	12.783051	0	0	0	0	0	0	0	0	0	3.037278	5.749025	0	0	0	2.578674	13.263374	7.750246	0	0	0	0	8.865103	1.794233	4.731414	0	1.484849	0	0	0	0	0
Desulfovibrio	0	0	0	0	0	0	0	0	0	0	0	0	0	0	0	4.908738	0	5.840784	0	2.207683	10.732256	2.849294	0	0	0	0	0	0	0	0	0	0	2.491349	3.101887	0	0	0	3.167889	0	0	0	0	0	0	0	0	0	0	0	0	0	0	0	0	0	0	0	0	0	0	0	0	0	0	0	0	0	0	0	0	0	0	0	0	0	0	0	0	0
Dialister	0	0	3.424021	0	0	0	0	0	0	0	0	0	0	7.996899	14.068397	36.118097	8.926869	23.150357	19.247342	44.445248	122.986400	49.015239	0	0	6.753893	0	0	0	0	0	0	6.137068	0	0	0	0	0	0	33.045540	8.623407	19.651722	0	11.368806	11.803917	15.002831	8.634498	50.993630	20.137093	0	0	0	0	0	0	0	0	0	0	0	0	0	0	0	0	0	0	0	0	0	0	0	0	0	0	0	0	0	0	0
Dorea	0	0	0	0	0	0	0	0	0	0	0	0	0	0	0	0	0	0	0	0	0	0	0	0	0	0	0	0	0	0	0	0	0	0	1.900675	0	0	5.581220	0	0	0	0	0	0	0	0	0	0	0	0	0	0	0	0	0	0	0	0	0	0	0	0	0	0	0	0	0	0	0	0	2.424772	4.666340	1.915465	0	0	0	0	0	0
Dysosmobacter	0	0	6.787611	0	6.364874	5.486272	8.226004	0	0	10.064576	5.577717	4.587249	8.711825	8.577491	5.140005	30.073315	3.963013	27.906965	4.106421	8.241661	62.768856	17.769673	0	0	1.793057	0	0	5.817336	6.207624	0	0	0	2.843431	0	2.657590	0	0	4.589290	20.096161	0	2.105182	0	0	12.334839	21.412605	6.760922	35.825280	6.681269	0	0	4.822782	0	8.435444	0	5.009077	10.200817	0	5.596324	20.025640	0	0	0	0	0	0	0	0	7.122516	24.628913	6.384103	0	4.213756	0	1.382656	0	0	0	0	0
Eggerthella	0	0	0	0	0	0	0	0	0	0	0	570.5343	141.5133	0	0	0	0	0	0	0	0	0	0	0	0	0	0	0	0	0	0	0	0	0	0	0	0	0	0	0	0	0	0	0	0	0	0	0	0	0	0	0	0	0	0	0	0	0	0	0	0	0	0	0	0	0	0	0	0	0	0	0	0	0	0	0	0	0	0.0000
Eisenbergiella	0	0	0	0	0	0	0	0	0	0	0	0	0	0	0	0	0	0	0	0	0	0	0	0	0	0	0	0	0	0	0	0	0	0	0	0	0	0	1.869965	2.014207	0	0	0	0	0	0	0	0	5.045681	0	0	0	2.183975	0	0	0	0	0	0	0	0	0	0	0	0	0	0	0	0	0	3.537234	5.198914	0	0	0	0	0	0	0
Enterocloster	0	0	0	0	0	0	0	0	0	0	0	8.096340	0	0	0	0	0	0	0	0	0	0	0	0	0	0	0	0	0	0	0	0	0	0	0	0	0	0	2.265153	2.657591	2.115561	0	1.996309	0	0	0	0	0	0	0	0	0	0	0	0	0	0	0	0	0	0	0	0	0	0	0	0	0	0	0	0	0	0	0	0	0	0	0	0
Eubacterium	0	0	9.074758	0	0	0	0	0	0	0	0	0	0	10.131660	6.256170	19.591122	2.261928	2.490652	6.713953	8.441434	63.946116	31.682153	0	0	0	0	0	0	0	0	0	0	2.978342	11.698919	20.755106	0	0	10.019029	0	0	0	0	0	1.793088	0	2.134988	20.736462	11.229212	2.218701	0	0	0	8.698706	0	1.755596	5.599828	0	2.443159	0	0	0	0	0	3.180847	0	0	2.320489	2.531090	5.008686	0	0	1.811408	0	0	0	0	0	0	0
Faecalibacterium	4.338934	14.347578	171.096906	28.850903	5.935673	7.743843	10.739505	7.516209	64.131610	248.014602	184.098908	11.865550	6.023659	128.652051	92.782388	269.313153	29.423824	184.486190	66.240976	162.805310	473.307066	72.533925	36.225825	13.867614	46.714017	45.775767	12.312476	40.589600	178.498613	23.615895	9.492170	48.649514	306.967386	271.898039	150.138875	171.336329	221.049180	672.647973	447.721505	238.894818	363.478507	37.595494	317.506082	353.302399	207.626974	34.574128	1705.133003	236.640793	359.401936	533.164065	820.980677	169.467440	397.481173	50.111257	429.314642	543.837609	31.986777	212.586500	360.328958	9.081917	8.919973	21.561240	8.411710	43.034017	2.425797	0	3.666969	108.974105	258.172031	61.248122	51.315783	113.109339	37.638429	24.590926	0	55.582912	46.344487	9.929206	6.676395
Faecalicatena	0	0	0	0	0	0	0	0	0	2.944049	2.536725	0	0	0	0	0	0	0	0	0	0	0	0	0	0	0	0	0	0	0	0	0	0	0	0	0	0	0	0	0	0	0	0	0	0	0	0	0	0	0	0	0	0	0	0	0	0	0	0	0	0	0	0	0	0	0	0	0	0	0	0	0	0	0	0	0	0	0	0
Flavonifractor	0	0	0	0	2.720880	0	0	0	0	0	0	0	3.608836	16.450122	5.442233	25.359591	0	30.508005	5.104959	8.011263	103.828517	17.277953	0	0	0	0	0	0	0	0	0	0	0	0	0	0	0	2.208947	120.001655	38.098781	25.596170	4.991417	9.695798	47.051541	51.054104	5.311454	97.548077	33.927154	4.344383	8.240074	15.264073	14.084004	48.631586	0	35.528204	37.773984	0	0	4.220175	0	0	1.862088	0	0	0	0	0	0	1.898553	0	0	2.863666	0	0	0	0	0	0	0
Fusobacterium	0	0	0	0	0	0	0	0	0	2.145833	3.254774	0	0	0	0	0	0	0	0	0	0	0	0	0	0	0	0	0	0	0	0	0	0	0	0	0	0	0	0	0	0	0	0	0	0	0	0	0	0	0	0	0	0	0	0	0	0	0	0	0	0	0	0	0	0	0	0	0	0	0	0	0	0	0	0	0	0	0	0
Gemmiger	0	0	0	0	0	0	0	0	0	0	0	0	0	0	0	0	0	0	0	0	0	0	0	0	0	0	0	0	3.134343	0	0	0	0	0	0	0	0	0	0	0	0	0	0	0	0	0	0	0	0	0	0	0	0	0	0	0	0	0	0	0	0	0	0	0	0	0	0	0	0	0	0	0	0	0	0	0	0	0	0
Hungatella	0	0	0	0	0	0	0	0	0	0	0	0	0	0	0	0	0	0	0	0	0	0	0	0	0	0	0	0	0	0	0	0	0	0	0	0	0	0	4.223945	4.336050	1.981713	0	0	0	0	0	0	0	0	0	0	0	0	0	0	0	0	0	0	0	0	0	0	0	0	0	0	0	0	0	0	0	0	0	0	0	0	0	0
Intestinibacter	0	0	0	0	0	0	0	0	0	0	0	0	0	0	0	0	0	0	0	0	0	0	0	0	0	0	0	0	0	0	0	0	0	0	0	0	0	0	0	0	0	0	0	0	0	0	0	0	0	0	0	0	0	0	0	0	0	0	0	0	0	0	0	0	0	0	0	0	2.96838	0	0	0	0	0	0	0	0	0	0
Intestinimonas	0	0	0	0	0	0	0	0	0	0	0	0	0	0	0	2.300955	0	2.014820	0	0	10.454834	3.121328	0	0	0	0	0	12.600736	7.405805	3.497479	0	2.318736	0	0	0	0	0	0	0	0	0	0	0	0	0	0	9.004601	1.863477	0	0	0	0	0	0	0	0	0	0	3.290629	0	0	0	0	2.109586	0	6.332459	6.765307	0	0	2.299962	12.000635	376.749090	20.627339	0	0	0	0	0	0
Lachnoclostridium	0	0	0	0	0	0	0	0	0	0	0	0	0	0	0	0	0	0	0	0	0	0	0	0	0	0	0	0	0	0	0	0	0	0	0	0	0	0	4.06227	0	0	0	0	0	0	0	0	0	0	0	0	0	0	0	0	0	0	0	0	0	0	0	0	0	0	0	0	0	0	0	0	0	0	0	0	0	0	0	0
Lachnospira	0	0	0	0	0	0	0	0	0	0	0	0	0	0	0	0	0	0	0	0	0	0	0	0	0	0	0	0	0	0	0	0	0	0	0	0	0	0	0	0	0	0	0	0	0	0	0	0	0	0	0	0	0	0	0	0	0	8.426953	15.721218	0	0	0	0	0	0	0	0	0	0	0	0	0	0	0	0	0	0	0	0
Lawsonibacter	0	0	0	0	0	0	0	0	0	0	0	0	0	0	0	0	0	0	0	0	1.709534	0	0	0	0	0	0	1.665873	0	0	0	0	0	0	0	0	0	0	16.472468	0	0	0	0	0	0	0	0	0	0	0	0	0	0	0	0	0	0	0	0	0	0	0	0	0	0	0	0	0	0	0	0	0	0	0	0	0	0	0	0
Mediterraneibacter	0	0	0	0	0	0	0	0	0	0	0	0	0	0	0	0	0	0	0	0	0	0	0	0	0	0	0	0	0	0	0	0	0	0	0	0	0	0	9.516430	3.569753	5.079926	0	8.710911	0	0	0	0	0	0	0	0	0	0	0	0	0	0	0	4.422436	0	0	0	0	0	0	0	0	0	28.657962	0	0	0	0	0	0	0	0	0	0
Megamonas	0	0	0	0	0	0	0	0	0	0	0	0	0	0	0	0	0	0	0	0	0	0	0	0	0	0	0	0	0	0	0	0	0	0	0	0	0	0	0	0	0	0	0	0	0	0	0	0	0	0	0	0	0	0	0	0	0	0	0	0	0	0	0	0	0	0	0	0	0	12.421932	0	1.688025	0	0	0	0	0	0	0
Monoglobus	0	0	0	0	0	0	0	0	0	0	0	0	0	0	0	0	0	0	0	0	1.450684	0	0	0	0	0	0	0	0	0	0	0	0	0	0	0	0	0	2.463616	4.256085	9.771045	0	2.805654	0	0	0	0	0	0	0	0	0	0	0	0	0	0	0	0	0	0	0	0	0	0	0	0	0	0	0	0	0	0	0	0	0	0	0	0
Odoribacter	0	0	0	0	0	0	0	0	0	0	0	0	0	0	0	0	0	0	0	0	0	0	0	0	0	0	0	6.089067	6.745788	1.965598	0	2.362614	0	0	0	0	0	0	0	0	0	0	0	0	0	0	0	0	0	0	0	0	0	0	0	0	0	0	0	0	0	0	0	0	0	0	0	0	0	0	0	0	0	0	0	0	0	0	0
Oscillibacter	0	0	6.641463	0	3.554950	6.404645	13.076165	0	0	12.050635	9.637028	0	6.188249	7.181873	3.577223	32.316158	0	25.577309	2.660721	8.063161	68.351158	12.034387	0	0	0	0	0	1.907648	2.764671	0	0	0	2.938768	9.485277	17.397823	0	0	14.908179	390.736504	260.217223	228.656996	13.580223	36.675731	25.325745	12.849711	0	23.231814	5.618845	5.714199	5.939067	8.949920	0	15.952627	0	11.297662	30.964178	0	0	34.016066	0	0	0	0	4.841200	0	0	0	9.836160	36.531809	13.229390	5.466675	22.440509	0	9.769647	0	0	0	0	0
Parabacteroides	0	0	14.118842	3.895722	0	0	0	0	0	2.975570	3.020487	13.976694	7.655746	0	0	0	0	0	0	0	0	0	0	0	1.725136	0	0	10.332799	18.359656	1.996703	0	1.827794	15.550901	8.386637	5.687314	1.874834	3.608358	25.556666	232.989440	153.794440	168.030916	22.152748	60.446125	0	0	0	0	0	6.189577	10.330814	9.213811	0	0	0	6.488469	7.064365	0	0	0	0	0	0	1.435655	25.183675	0	0	0	2.522591	4.871851	0	0	0	0	0	0	0	0	0	0
Paraprevotella	0	0	0	0	0	0	0	0	0	0	0	0	0	0	0	0	0	0	0	0	0	0	0	0	0	0	0	0	0	0	0	0	0	0	0	0	0	0	0	0	0	0	0	0	0	0	0	0	0	0	0	0	0	0	0	0	0	0	0	0	0	0	0	0	0	0	0	0	0	1.564937	1.677060	3.895957	0	23.065650	0	0	0	0	0
Parasutterella	0	0	0	0	0	0	0	0	0	0	0	3.411278	5.849150	0	0	0	0	0	0	0	0	0	0	0	0	0	0	0	0	0	0	0	0	5.350217	2.225833	0	0	6.472500	0	0	0	0	0	0	0	0	0	0	0	0	0	0	0	0	0	0	0	0	0	0	0	0	0	0	0	0	0	0	0	0	0	0	0	0	0	0	0	0	0
Phascolarctobacterium	0	0	6.403685	0	0	0	0	0	4.065762	6.283326	5.701669	0	0	0	0	0	0	0	0	0	6.380307	0	0	0	0	0	0	0	0	0	0	0	0	0	0	0	0	0	0	0	0	0	0	0	0	0	0	0	0	0	0	0	0	0	0	0	0	0	0	0	0	0	0	0	0	0	0	48.310863	70.685740	0	0	0	0	0	7.371044	60.238262	32.642433	31.633566	15.716521
Phocaeicola	0	0	3.357748	0	0	0	0	7.222598	28.019814	90.383998	53.783448	18.137282	17.473017	44.665305	34.026086	67.466274	4.114448	63.011618	7.570642	44.545792	165.171977	62.593203	0	0	0	0	5.785556	16.019882	30.680340	6.289478	5.749206	11.672495	9.739813	4.704647	1.985242	2.519843	3.671807	14.695473	0	0	0	0	0	1.820253	1.877900	3.985377	9.453361	7.285622	53.590508	135.194960	140.858920	35.587055	79.162415	21.374899	76.731766	79.201930	0	6.977082	16.777388	0	0	0	0	0	0	0	0	0	0	5.424772	0	3.709437	0	13.278950	0	0	0	0	0
Prevotella	0	0	0	0	266.065160	130.709289	234.070331	0	0	0	0	0	0	0	0	0	0	0	0	0	0	0	0	0	0	0	0	0	0	0	0	0	0	0	0	0	0	0	0	0	0	0	0	0	0	0	0	0	0	0	0	0	0	0	0	0	0	0	0	0	0	0	1.960771	4.629712	0	0	0	0	0	0	0	0	0	0	0	0	0	0	0
Propionibacterium	0	0	0	0	0	0	0	8.502347	88.649480	159.540450	86.224340	0	0	0	0	0	0	0	0	0	0	0	0	0	0	0	0	0	0	0	0	0	0	0	0	0	0	0	0	0	0	0	0	0	0	0	0	0	13.452444	4.880284	5.672336	6.254304	16.366726	0	4.351078	3.014721	0	0	0	0	0	0	0	0	0	0	0	0	0	0	0	0	0	0	0	0	0	0	0
Pseudoflavonifractor	0	0	2.158559	0	0	0	0	0	0	0	0	0	0	0	0	0	0	0	0	0	0	0	0	0	0	0	0	0	0	0	0	0	0	0	0	0	0	0	0	0	0	0	0	0	0	0	0	0	0	0	0	0	0	0	0	0	0	0	0	0	0	0	0	0	0	0	0	0	0	0	0	0	0	0	0	0	0	0	0
Roseburia	0	0	6.568659	2.243179	2.150418	0	6.026433	0	0	5.593484	0	0	0	10.808718	9.544773	20.898972	0	0	0	7.641676	37.140494	0	0	0	0	0	0	4.018414	9.411636	3.417375	0	0	17.078962	24.334067	12.940844	0	2.451537	21.732304	14.380681	2.063522	7.426654	0	5.318734	0	0	0	9.041830	2.286694	0	0	0	0	0	0	2.232637	1.870557	2.581998	2.834548	10.470778	0	0	0	2.618407	5.120175	0	0	3.422313	0	3.758212	4.512234	0	12.105339	3.802457	0	1.612093	0	2.021481	0	0
Ruminiclostridium	0	0	0	0	0	0	0	0	0	0	0	0	0	0	0	0	0	0	0	0	0	0	0	0	0	0	0	0	0	0	0	0	0	0	0	0	0	0	0	0	0	0	0	0	0	0	0	0	0	0	0	0	0	0	0	0	0	0	0	0	0	0	0	3.408358	0	0	0	0	0	0	0	0	0	0	0	0	0	0	0
Ruminococcus	0	0	2.751464	0	16.219749	13.034621	103.100792	1.898638	59.454207	306.301927	114.763473	0	12.128840	39.948864	49.093745	187.112209	11.606753	168.658968	39.131227	109.834433	279.823364	65.452022	0	0	0	0	0	0	0	0	0	0	64.704225	51.759342	39.964639	10.414360	20.933279	178.200875	391.004588	91.580262	127.930981	15.720944	98.830622	1.966673	0	0	14.674115	7.290271	35.338681	13.826525	16.114298	6.109619	159.282408	0	80.300361	132.863925	9.469124	39.042999	107.521748	0	0	0	10.937078	24.098451	0	0	3.716994	21.350330	48.032565	0	0	0	0	0	0	0	1.754154	0	0
Salmonella	0	0	0	0	0	0	0	0	0	0	0	0	0	0	0	0	0	0	0	0	0	0	0	0	0	0	0	0	0	0	0	0	0	0	0	0	0	0	1.146169	0	0	0	0	0	0	0	0	0	0	0	0	2.095539	8.582498	0	4.095385	0	0	0	2.407983	0	0	0	0	0	0	0	0	0	0	0	0	0	0	0	0	0	0	0	0
Staphylococcus	0	0	0	0	0	0	0	0	0	0	0	0	0	0	0	0	0	0	0	0	10.841156	7.700840	0	0	0	0	0	0	0	0	0	0	0	0	0	0	0	0	18.159166	10.159167	5.359990	0	3.636153	0	0	0	0	0	0	0	0	0	0	0	0	0	0	0	0	0	0	0	0	0	0	0	0	0	0	0	0	0	0	0	0	0	0	0	0
Subdoligranulum	0	5.915960	138.386397	51.318389	12.246543	10.984701	13.028734	2.188394	0	15.220182	6.756809	0	0	5.132919	5.612130	55.198891	4.038050	78.373703	1.952468	18.463027	157.987085	29.520449	0	0	0	0	0	0	0	0	0	0	75.154535	48.832200	60.486827	153.299501	129.868314	471.435138	2.660505	2.798932	2.367837	0	2.551838	14.937668	17.054103	4.185030	32.713700	13.678024	2.413240	23.133532	28.717864	0	22.088613	0	4.221670	13.042658	3.020556	17.117536	60.089247	0	0	7.249752	0	1.707993	0	0	0	136.310537	536.762409	1.833403	1.817726	2.896739	0	0	0	0	0	0	0
Sutterella	0	0	12.341290	1.825604	0	0	0	0	4.618377	15.537777	16.241137	0	0	0	0	0	0	0	0	0	0	0	0	0	0	0	0	5.608635	5.135548	0	0	4.406140	0	0	0	0	0	0	0	0	0	0	0	7.062807	6.647723	2.932280	17.444164	6.312309	16.831844	29.468639	23.709507	2.802686	10.985666	8.728019	12.205708	12.240181	0	0	0	0	0	0	0	3.290001	0	0	0	0	0	5.498563	3.912891	7.444788	2.686701	8.361626	0	0	0	0	0
Turicibacter	0	0	0	0	0	0	0	0	0	0	0	0	0	0	0	0	0	0	0	0	0	0	0	0	0	0	0	0	0	0	0	0	0	0	0	0	0	0	0	0	0	0	0	0	0	0	0	0	0	0	0	0	0	0	0	0	0	0	0	0	0	0	0	0	0	0	0	0	0	0	0	0	0	0	0	0	18.22166	0	0
Unclassified	157.9020	263.1056	2174.0292	615.5136	431.4882	351.8608	459.7990	750.4303	1370.3008	4974.2270	4571.6205	2242.5883	1124.2795	4169.3175	3308.1843	8771.0552	1216.8221	8233.7187	1597.5375	4288.8255	16795.7814	5583.7519	1268.3671	1594.9720	1444.6471	519.9270	180.1417	1167.4461	2130.0997	475.4981	299.4527	582.3684	2791.3284	2319.5947	2209.6049	891.4489	1401.1459	5904.3613	8485.4346	4583.4859	4899.6798	565.6683	2377.8797	4280.3241	4804.8559	2358.5366	14504.4961	5358.7238	4866.0631	5529.6275	7236.8110	2505.2266	5256.5219	715.1931	5292.0785	5910.7994	1726.3971	5385.8105	12435.6185	1204.7150	749.8308	2549.6458	1240.8331	2576.0528	536.3202	645.9490	1310.7070	4366.6169	8989.2817	3897.5789	2546.2416	5199.9282	1488.7575	3779.8355	408.3662	1311.5407	719.2663	1090.4903	615.7399
Veillonella	0	0	0	0	0	0	0	0	0	0	0	0	0	0	0	0	0	0	0	0	0	0	0	0	0	0	0	0	0	0	0	0	0	0	0	0	0	0	0	2.8114	0	0	0	0	0	0	0	0	0	0	0	0	0	0	0	0	0	0	0	0	0	0	0	0	0	0	0	0	0	0	0	0	0	0	0	0	0	0	0
