Genus	MB01F1	MB01F2	MB01F3	MB01F4	MB02F1	MB02F2	MB02F3	MB02F4	MB03F1	MB03F2	MB03F3	MB03F4	MB03F5	MB04F1	MB04F2	MB04F3	MB04F4	MB04F5	MB04F6	MB05F1	MB05F2	MB05F3	MB05F5	MB05F6	MB05F7	MB06F1	MB06F2	MB06F4	MB06F5	MB06F6	MB07F1	MB07F2	MB07F3	MB07F4	MB07F5	MB07F6	MB08F1	MB08F2	MB08F3	MB08F4	MB08F5	MB08F6	MB08F7	MB08F8	MB09F2	MB09F3	MB09F5	MB09F6	MB10F1	MB10F2	MB10F3	MB10F4	MB10F5	MB10F6	MB10F7	MB11F1	MB11F2	MB11F5	MB12F3	MB12F4	MB12F5	MB13F2	MB13F4	MB13F5	MB13F6	MB13F7	MB14F3	MB14F4	MB14F5	MB14F6	MB15F1	MB15F2	MB15F6	MB15F7	MB16F1	MB16F2	MB16F3	MB19F2	MB19F3	MB19F5	MB20F1	MB20F2	MB20F3	MB20F4	MB20F5	MB20F6
Unclassified	405.4503	891.2404	2401.9391	2213.1411	5678.3668	11478.2094	9840.4247	1989.457	2223.6161	1905.4728	3144.6387	9203.8488	6339.5106	3845.8701	4043.6431	7298.9991	5339.8524	14328.571	3545.5551	16456.107	17464.68	18706.5823	13196.978	8806.776	9063.312	235.7696	543.8229	789.4926	415.6106	560.8717	4369.1356	12980.0647	12010.7239	5333.5094	10631.1417	16096.4602	10428.8064	12466.0102	4749.7115	9290.4314	8396.6719	8860.0017	3602.504	6813.1063	47323.7159	70276.2789	33828.3051	10551.2097	10778.1309	19158.4107	5109.6974	1636.0941	4699.8933	4633.2265	2837.9583	12607.0691	10758.3865	250.2611	686.6139	3300.2681	10242.8337	1174.549	15667.8498	297.5687	454.358	7633.3395	997.0845	327.9875	650.1674	398.4582	915.4142	456.9246	25870.8118	914.1724	1085.3643	375.0631	1480.4851	942.3784	434.5204	1859.7274	475.8727	141.7939	174.4093	2169.8404	799.479	53947.9727
Absiella	2.097	0	2.5226	2.7006	0	0	0	0	0	0	0	0	0	0	0	0	0	0	0	0	0	0	0	0	0	0	0	0	0	0	0	0	0	0	0	0	0	0	0	0	0	0	0	0	0	0	0	0	0	0	0	0	0	0	0	0	0	0	0	0	0	0	0	0	0	0	0	0	0	0	0	0	0	0	0	0	0	0	0	0	0	0	0	0	0	0
Acetobacter	154.2739	353.2569	354.8008	243.7698	0	0	0	0	0	0	0	0	0	0	0	0	0	0	0	0	0	0	0	0	0	0	0	0	0	0	0	0	0	0	0	0	0	0	0	0	0	0	0	0	0	0	0	0	0	0	0	0	0	0	0	0	0	0	0	0	0	0	0	0	0	0	0	0	0	0	0	0	0	0	0	0	0	0	0	0	0	0	0	0	0	0
Acidiphilium	0	0	3.0609	2.5316	0	0	0	0	0	0	0	0	0	0	0	0	0	0	0	0	0	0	0	0	0	0	0	0	0	0	0	0	0	0	0	0	0	0	0	0	0	0	0	0	0	0	0	0	0	0	0	0	0	0	0	0	0	0	0	0	0	0	0	0	0	0	0	0	0	0	0	0	0	0	0	0	0	0	0	0	0	0	0	0	0	0
Acinetobacter	0	0	0	0	0	0	0	0	0	0	0	0	0	0	0	0	0	0	0	0	0	0	0	0	0	0	0	0	0	0	0	0	0	0	0	0	90.3329	117.933	36.6558	77.3076	110.1588	127.8709	32.1135	46.3941	22.6237	24.7811	0	0	0	0	0	0	0	0	0	0	0	5.0007	6.8102	0	0	0	0	0	0	57.1738	0	0	0	0	0	0	0	0	0	0	0	0	0	0	0	0	0	0	0	74.6775
Acutalibacter	0	0	0	0	4.8844	8.8193	8.1184	4.6652	0	0	0	0	0	0	0	0	0	0	0	0	0	0	0	0	0	0	0	0	0	0	1.8066	5.5971	4.3568	0	0	0	0	0	0	7.0855	0	0	0	0	0	0	20.1216	71.1071	0	0	0	0	0	0	0	0	0	0	0	0	0	0	0	0	0	0	0	0	0	0	0	0	0	0	0	0	0	0	0	0	0	0	0	0	0	0
Akkermansia	0	0	0	0	0	15.6821	16.0322	0	0	0	0	0	0	0	8.1229	0	0	0	0	113.227	123.4322	173.2021	145.5502	39.5827	85.774	0	0	0	0	0	0	0	0	0	0	0	141.9484	139.3175	27.7275	160.4223	150.52	85.6885	41.4413	57.1701	0	0	0	0	0	34.9192	13.3542	5.2913	9.8837	48.118	44.301	224.9922	614.057	2.5016	0	0	0	0	0	0	0	13.4547	0	0	0	0	0	0	0	0	0	0	0	0	0	0	30.9618	0	0	0	0	0
Alistipes	0	0	0	0	207.888	274.3338	350.8575	80.405	24.5832	10.2266	8.6304	13.3846	11.2859	43.0671	87.7269	113.2575	53.8014	184.441	39.5844	6.8312	6.8095	9.7948	6.2905	2.9869	3.23	0	0	0	0	0	176.0569	552.7901	540.923	248.6314	417.5568	351.456	556.0442	801.0029	343.7826	702.0619	599.2382	573.0724	179.7486	433.4732	1195.3712	1992.6813	367.9435	81.6961	108.5598	180.8882	43.8075	6.1732	19.7367	286.5263	145.3859	428.8248	854.8624	14.3975	11.211	0	0	0	0	0	2.6205	224.2568	6.4495	0	4.6974	0	2.5931	0	482.0282	14.7376	27.4434	17.6341	61.6744	43.3208	9.7056	83.4231	34.2329	0	5.2633	77.0182	12.1072	2401.5155
Anaerobutyricum	3.84	11.5577	15.9486	8.2775	0	0	0	0	0	0	0	0	0	0	0	0	0	0	0	3.6261	2.0709	2.4457	0	0	0	0	0	0	0	0	0	0	0	0	0	0	0	0	0	0	0	0	0	0	0	0	0	0	0	0	0	0	0	0	0	0	0	0	0	0	0	0	0	0	0	0	0	0	0	0	0	0	0	0	0	0	0	0	0	0	0	0	0	0	0	0
Anaeromassilibacillus	0	0	0	0	0	0	0	0	0	0	0	0	0	0	0	0	0	0	0	0	0	0	0	0	0	0	0	0	0	0	0	0	0	0	0	0	0	0	0	0	0	0	0	0	0	0	0	0	0	0	0	0	0	0	0	9.434	22.7999	0	0	0	0	0	0	0	0	0	0	0	0	0	0	0	0	0	0	0	0	0	0	0	0	0	0	0	0	0
Anaerotruncus	0	0	0	0	6.2585	12.945	0	0	0	0	0	0	0	0	0	0	0	0	0	0	0	0	0	0	0	0	0	0	0	0	0	0	0	0	0	0	0	0	0	0	0	0	0	0	0	0	0	0	0	0	0	0	0	6.4087	8.467	0	0	0	0	0	0	0	0	0	0	0	0	0	0	0	0	0	10.5847	0	0	0	0	0	0	0	0	0	0	0	0	0
Azospirillum	2.1187	22.0365	27.404	7.4413	0	0	0	0	0	0	0	0	0	0	0	0	0	0	0	0	0	0	0	0	0	0	0	0	0	0	0	0	0	0	0	0	0	0	0	0	0	0	0	0	0	0	0	0	0	0	0	0	0	0	0	0	0	0	0	0	0	0	0	0	0	0	0	0	0	0	0	0	0	0	0	0	0	0	0	0	0	0	0	0	0	0
Bacteroides	16.9321	35.0747	67.62	61.8238	82.5925	117.7419	137.6547	35.1851	241.9142	231.0971	411.8299	1174.5255	574.5089	107.1138	160.1911	256.2382	187.5485	633.4514	150.7643	1160.4215	923.1706	1108.6671	785.9706	639.8032	719.4537	0	0	0	0	0	165.346	484.6878	457.8047	107.1664	176.6154	364.8253	337.3387	490.1519	236.0743	322.9592	406.7018	458.3192	206.7809	336.9628	5259.7167	9457.4131	498.952	222.0574	178.5724	179.6921	56.8708	25.642	42.4161	331.4745	170.6309	794.4476	560.9712	3.4497	57.4316	14.9805	149.3729	11.6155	442.2702	2.4531	0	389.3396	21.0393	11.8281	41.7969	13.0394	48.5268	25.7254	1919.2714	54.5693	65.3631	44.9627	184.1044	27.9122	0	19.2923	36.4863	0	0	280.1397	73.7693	7657.5117
Bifidobacterium	0	0	0	0	0	0	0	0	0	0	0	0	0	0	0	0	0	0	0	0	0	2.5279	0	0	0	5.6576	60.1177	30.0034	19.4632	8.3715	2.7127	20.067	19.346	6.4191	5.4627	3.9453	0	0	0	0	0	0	0	0	0	0	0	0	0	0	0	0	0	33.0541	27.4706	484.3201	91.7669	0	0	0	0	0	0	0	0	0	0	0	0	0	0	0	0	0	0	0	0	0	0	0	0	0	0	0	0	0
Bilophila	0	0	0	0	0	4.5318	5.679	0	0	0	0	9.3026	4.4066	0	0	0	0	0	0	26.3132	19.155	21.2736	22.1524	0	11.08	0	0	0	0	0	0	11.2496	4.961	0	9.7326	25.1022	31.4249	34.4084	0	17.922	16.8612	19.3214	2.0376	13.1785	0	0	0	0	0	0	0	0	0	0	0	0	0	0	0	0	0	0	0	0	0	0	0	0	0	0	0	0	0	0	0	0	0	0	0	0	0	0	0	0	0	0
Blastocystis	0	0	0	0	0	0	0	0	0	0	0	0	0	0	0	2.612	3.2947	13.4602	3.4835	0	0	0	0	0	0	0	0	0	0	0	0	0	0	0	0	0	0	0	0	0	0	0	0	0	0	0	0	0	0	0	0	0	0	0	0	0	0	0	0	0	0	0	0	0	0	0	0	0	0	0	0	0	0	0	0	0	0	0	0	0	0	0	0	0	0	0
Blautia	0	6.8576	13.4546	4.7006	0	0	0	0	0	0	0	0	0	0	3.8985	0	3.9383	21.8896	11.332	79.1382	56.9482	36.6815	91.7959	136.6923	112.9056	0	0	0	0	0	10.2116	27.7451	24.2231	14.3246	40.5289	27.3315	4.39	13.4199	0	19.3904	20.6068	9.8332	0	0	20.6643	29.5881	0	0	25.5292	8.4581	0	0	0	10.0635	5.2976	16.0982	0	0	0	0	0	0	0	0	0	79.457	19.1428	0	0	0	0	0	0	0	0	0	0	0	0	0	0	0	0	0	0	63.2939
Brachyspira	6.1149	0	2.3438	0	0	0	0	0	0	0	0	0	0	0	0	0	0	0	0	0	0	0	0	0	0	0	0	0	0	0	0	0	0	0	0	0	0	0	0	0	0	0	0	0	0	0	0	0	0	0	0	0	0	0	0	0	0	0	0	0	0	0	0	0	0	0	0	0	0	0	0	0	0	0	0	0	0	0	0	0	0	0	0	0	0	0
Burkholderia	0	0	0	0	0	0	0	0	0	0	0	0	0	0	0	0	0	0	0	0	0	0	0	0	0	0	9.8956	0	0	0	0	0	0	0	0	0	0	0	0	0	0	0	0	0	0	0	0	0	0	0	0	0	0	0	0	0	0	0	0	0	0	0	0	0	0	0	0	0	0	0	0	0	0	0	0	0	0	0	0	0	0	0	0	0	0	0
Butyricicoccus	0	7.7644	8.9405	2.5313	0	0	0	0	0	0	0	0	0	0	0	2.4497	0	4.3725	2.4696	0	0	0	0	0	0	0	0	0	0	0	0	0	0	0	0	0	1.6197	0	0	2.1173	0	0	0	0	0	0	8.3667	4.7539	4.8348	19.8132	5.5597	0	7.1729	0	0	0	0	0	0	0	0	0	0	0	0	0	0	0	0	0	0	0	17.2915	0	0	0	0	0	0	0	0	0	0	0	0	0
Butyricimonas	0	0	0	3.889	0	0	0	0	0	0	0	0	0	0	0	0	0	0	0	0	0	0	0	0	0	0	0	0	0	0	0	0	0	0	0	0	0	0	0	0	0	0	0	0	0	0	0	0	0	0	0	0	0	0	0	0	0	0	0	0	0	0	0	0	0	0	0	0	0	0	0	0	0	0	0	0	0	0	0	0	0	0	0	0	0	0
Calorimonas	0	0	0	0	0	0	0	0	0	0	0	0	0	0	0	0	0	0	0	0	0	0	0	0	0	0	0	0	0	0	0	0	0	0	0	0	0	0	0	0	0	0	0	0	0	0	0	0	0	0	0	0	0	0	0	4.4386	4.9674	0	0	0	0	0	0	0	0	0	0	0	0	0	0	0	0	0	0	0	0	0	0	0	0	0	0	0	0	0
Candidatus Amulumruptor	0	0	0	0	0	0	0	0	0	0	0	0	0	0	0	0	0	0	0	0	0	0	0	0	0	0	0	0	0	0	0	0	0	0	0	0	0	0	0	0	0	0	0	0	0	0	1364.7046	813.6733	0	0	0	0	0	0	0	0	0	0	0	0	0	0	0	0	0	0	0	0	1.6583	12.4183	24.6862	14.1059	0	0	0	0	0	0	0	0	0	0	0	0	0	0
Candidatus Borkfalkia	0	0	0	0	0	0	0	0	0	0	0	0	0	0	0	0	0	0	0	0	0	0	0	0	0	0	0	0	0	0	0	0	0	0	0	0	0	0	0	0	0	0	0	0	2.8384	5.3773	0	0	0	0	0	0	0	0	0	0	0	0	0	0	0	0	0	0	0	0	0	0	0	0	0	0	0	0	0	0	0	0	0	0	0	0	0	0	0	4.3449
Ceduovirus	0	0	0	0	0	0	0	0	0	0	0	0	0	0	0	0	0	0	0	0	0	0	0	0	0	0	0	0	0	0	0	0	0	0	0	0	0	0	0	0	0	0	0	0	0	25.3951	0	0	0	0	0	0	0	0	0	0	0	0	0	0	0	0	0	0	0	0	0	0	0	0	0	0	0	0	0	0	0	0	0	0	0	0	0	0	0	0
Cepunavirus	0	0	0	0	0	0	0	0	0	0	0	0	0	0	0	0	0	0	0	0	0	0	0	0	0	0	0	0	0	0	0	0	0	0	0	0	0	0	0	0	0	0	0	0	2.6676	11.4727	0	0	0	0	0	0	0	0	0	0	0	0	0	0	0	0	0	0	0	0	0	0	0	0	0	0	0	0	0	0	0	0	0	0	0	0	0	0	0	10.9523
Chitinophaga	0	0	0	0	0	0	0	0	0	0	0	0	0	0	0	0	0	0	0	0	0	0	0	0	0	0	0	0	0	0	0	0	0	0	0	0	0	0	0	0	0	2.5599	0	0	0	0	0	0	0	0	0	0	0	0	0	0	0	0	0	0	0	0	0	0	0	0	0	0	0	0	0	0	8.0002	0	0	0	0	0	0	0	0	0	0	0	0	0
Chlamydia	0	0	0	0	10.2588	3.22	0	0	0	0	0	0	0	0	0	0	0	2.7523	0	27.5805	19.2331	40.2209	46.037	3.7354	0	0	0	0	0	0	20.9578	46.7746	40.5778	42.8112	79.5701	33.3428	18.7292	21.6589	0	0	0	0	0	0	0	0	75.4753	368.4126	0	0	0	0	0	0	0	0	0	0	0	0	0	0	0	4.498	10.3387	50.8321	33.7569	0	0	0	0	0	8.7383	0	0	0	0	0	0	0	0	0	0	0	0	0
Cloacibacillus	0	0	0	0	9.2192	0	6.3579	0	0	0	0	0	0	0	0	0	0	0	0	0	0	0	0	0	0	0	0	0	0	0	0	0	0	0	0	0	0	0	0	0	0	0	0	0	0	0	0	0	0	0	0	0	0	0	0	0	0	0	0	0	0	0	0	0	0	0	0	0	0	0	0	0	0	0	0	0	0	0	0	0	0	0	0	0	0	0
Clostridium	11.2522	4.7289	11.7646	20.6611	6.6578	12.7222	21.5845	4.37	0	0	0	0	0	0	6.5913	25.0039	25.6525	23.2005	16.8036	112.7272	107.1663	102.4607	109.475	88.7044	41.8265	23.6651	16.2901	34.0919	19.1256	20.6422	0	0	0	0	14.594	6.9237	61.6888	87.1109	41.5457	140.114	51.6935	71.7018	13.8264	27.6624	72.2083	50.4334	128.9777	104.5826	67.0795	80.8591	12.3089	2.3239	12.5597	14.3968	14.3731	60.7722	111.8697	0	0	0	72.1123	0	74.8077	0	0	3.7114	0	0	0	0	0	0	108.0671	0	0	0	0	0	0	0	0	0	0	4.2228	0	175.0498
Collinsella	0	0	0	0	0	0	0	0	0	0	0	0	0	0	0	0	0	0	0	0	0	0	0	0	0	0	0	0	0	0	0	1.8499	2.3457	0	1.8216	3.3156	0	0	0	0	0	0	0	0	4.1208	9.3801	0	0	0	0	0	0	0	0	0	0	0	0	0	0	0	0	0	0	0	0	0	0	0	0	0	0	0	0	0	0	0	0	0	0	0	0	0	0	0	3.1382
Coprobacter	0	0	0	0	0	0	0	0	0	0	0	0	0	0	0	0	0	0	0	25.4107	28.5075	17.2395	2.9595	12.3864	3.5097	0	0	0	0	0	0	0	0	0	0	0	0	0	0	0	0	0	0	0	0	0	0	0	0	0	0	0	0	0	0	0	0	0	0	0	0	0	0	0	0	0	0	0	0	0	0	0	0	0	0	0	0	0	0	0	0	0	0	0	0	0
Coprococcus	0	0	0	0	2.0647	6.8635	13.8372	0	0	0	0	0	0	0	0	0	0	0	0	0	0	0	0	0	0	0	0	0	0	0	0	2.4398	2.4226	0	0	0	0	0	0	0	0	0	0	0	0	0	0	0	0	19.8978	0	0	6.2972	0	0	0	0	0	0	0	0	0	0	0	0	0	0	0	0	0	0	0	0	0	0	0	0	0	0	0	0	0	0	0	0	0
Corallococcus	0	0	4.6768	0	0	0	0	0	0	0	0	0	0	0	0	0	0	0	0	0	0	0	0	0	0	0	0	0	0	0	0	0	0	0	0	0	0	0	0	0	0	0	0	0	0	0	0	0	0	0	0	0	0	0	0	0	0	0	0	0	0	0	0	0	0	0	0	0	0	0	0	0	0	0	0	0	0	0	0	0	0	0	0	0	0	0
Desulfotomaculum	0	0	0	0	0	0	0	0	0	0	0	0	0	0	0	0	0	0	0	0	0	0	0	0	0	0	0	0	0	0	0	0	0	0	0	0	0	0	0	0	0	0	0	0	0	0	6.5158	2.5363	0	0	0	0	0	0	0	0	0	0	0	0	0	0	0	0	0	0	0	0	0	0	0	0	0	0	0	0	0	0	0	0	0	0	0	0	0	0
Desulfovibrio	0	0	6.5288	8.9888	0	42.8432	39.7443	0	0	0	0	0	0	0	0	0	0	0	0	8.2651	5.9112	4.6859	5.7266	0	3.1835	0	0	0	0	0	0	11.1051	11.5945	0	4.0976	8.8595	0	0	0	0	0	0	0	0	0	0	30.837	26.7772	0	0	0	0	0	0	0	0	0	0	0	2.6776	37.279	0	54.8123	0	0	0	0	0	0	0	0	0	0	0	0	0	0	0	0	0	0	0	0	0	0	0
Dialister	2.854	4.9866	7.7443	6.3521	0	0	0	0	15.5621	7.7822	2.5619	55.1884	54.1976	0	0	0	0	0	0	0	0	0	0	0	0	0	0	0	0	0	0	0	0	0	0	0	0	0	0	0	0	0	0	0	0	0	0	0	0	0	0	0	0	16.6016	6.696	26.2861	25.1901	0	0	0	0	0	0	0	0	0	0	0	0	0	0	0	0	0	0	0	0	0	0	0	0	0	0	0	0	0
Dorea	0	0	0	0	0	0	0	0	0	0	0	0	0	0	0	0	0	0	0	0	0	0	0	0	0	0	0	0	0	0	0	0	0	0	0	0	0	0	0	0	0	0	0	0	0	0	0	0	0	9.6037	6.562	0	5.1197	0	0	0	0	0	0	0	0	0	0	0	0	0	0	0	0	0	0	0	0	0	0	0	0	2.8957	2.3818	5.351	0	0	0	0	0	0
Duodenibacillus	0	0	2.673	7.9224	0	0	0	0	0	0	0	0	0	0	0	0	0	0	0	0	0	0	0	0	0	0	0	0	0	0	0	0	0	0	0	0	0	0	0	0	0	0	0	0	0	0	0	0	0	0	0	0	0	0	0	0	0	0	0	0	0	0	0	0	0	0	0	0	0	0	0	0	0	0	0	0	0	0	0	0	0	0	0	0	0	0
Dysgonomonas	0	0	0	0	0	0	0	0	0	0	0	0	0	0	0	0	0	0	0	0	0	0	0	0	0	5.9759	8.3976	19.4144	10.16	5.7502	0	0	0	0	0	0	0	0	0	0	0	0	0	0	0	0	0	0	0	0	0	0	0	0	0	0	0	0	0	0	0	0	0	0	0	0	0	0	0	0	0	0	0	0	0	0	0	0	0	0	0	0	0	0	0	0
Dysosmobacter	0	0	0	0	0	0	0	0	0	0	0	0	0	0	0	0	0	0	0	0	5.1689	2.5173	0	0	0	0	0	0	0	0	0	0	0	0	0	0	0	0	0	0	0	0	0	0	0	0	0	0	0	0	0	0	0	0	0	0	0	0	0	0	17.9163	0	6.0548	0	0	0	0	0	0	0	0	0	0	0	0	0	0	0	0	0	0	0	0	0	0	0
Eggerthella	0	0	0	0	0	0	0	0	0	0	0	0	0	0	0	0	0	0	0	0	0	0	0	0	0	0	0	0	0	0	0	0	0	0	0	0	0	0	0	0	0	0	0	0	0	0	0	0	0	0	0	0	0	0	2.7687	9.4461	0	0	0	0	0	0	0	0	0	0	0	0	0	0	0	0	0	0	0	0	0	0	0	0	0	0	0	0	0	0
Eisenbergiella	0	0	0	0	0	0	0	0	0	0	0	0	0	0	0	0	0	0	0	0	0	0	0	0	0	0	0	0	0	0	0	0	0	0	0	0	0	0	0	0	0	0	0	0	23.6756	22.558	19.052	11.6731	5.334	10.6923	5.1143	0	4.9825	0	0	0	0	0	0	0	2.647	0	7.4864	0	0	0	0	0	0	0	0	0	0	0	0	0	0	0	0	0	0	0	0	1.9377	0	38.591
Emergencia	0	0	0	0	0	0	0	0	0	0	0	0	0	0	0	0	0	0	0	0	0	0	0	0	0	0	0	0	0	0	0	0	0	0	0	0	0	0	0	0	0	0	0	0	0	0	7.4391	0	0	0	0	0	0	0	0	0	0	0	0	0	0	0	0	0	0	0	0	0	0	0	0	0	0	0	0	0	0	0	0	0	0	0	0	0	0	0
Enterobacter	0	0	0	0	0	0	0	0	0	0	0	0	0	0	0	0	0	0	0	0	0	0	0	0	0	0	0	0	0	0	0	1.7023	0	0	0	0	0	0	0	0	0	0	0	0	0	0	0	0	0	0	0	0	0	0	0	0	0	0	0	0	0	0	0	0	0	0	0	0	0	0	0	0	0	0	0	0	0	0	0	0	0	0	0	0	0	0
Eubacterium	41.351	29.8072	61.8851	90.4404	64.9702	41.3111	56.8536	16.0362	0	0	0	0	0	0	0	6.4588	7.346	42.1534	7.6745	14.0271	6.5381	9.878	25.8486	8.8103	11.5941	6.1049	20.8361	43.6066	27.5359	3.5478	4.9795	24.0187	18.7768	10.0956	10.2379	4.3049	123.0526	234.6798	70.9125	128.8452	183.2785	120.1063	36.2893	74.2742	45.5055	50.3356	77.4322	124.3336	9.578	3.302	0	0	2.0164	0	0	17.3919	31.1435	0	0	13.1785	78.3059	0	155.2225	11.2966	0	96.0857	16.6259	0	5.0467	0	0	0	77.0299	0	0	0	0	0	0	2.2876	1.9447	0	0	0	0	25.9437
Faecalibacterium	54.1085	117.484	181.5743	236.435	16.9972	367.8842	171.6597	18.273	125.6745	58.764	105.0814	546.5395	167.5347	80.409	86.4682	191.1286	68.4231	205.5447	88.8154	251.7956	256.0846	246.565	226.4957	132.4814	310.7222	9.0187	24.3704	98.6024	90.4804	54.4562	91.5583	275.3916	250.2607	169.1394	393.9957	383.1584	261.206	330.2969	218.0916	313.1364	214.5733	292.6062	88.0628	211.7715	1004.0831	1730.2725	1028.6886	596.808	264.5499	363.7699	115.5919	12.3021	96.3207	502.7298	221.9462	910.2027	476.1997	0	8.194	114.3399	323.7914	14.4912	1148.534	0	0	287.3529	25.9284	33.2409	49.7134	17.8077	64.6469	16.5972	735.963	2.0767	2.46	6.614	33.072	1.6536	0	19.3092	10.4141	0	0	62.3051	3.7574	1047.1678
Flavonifractor	0	0	0	0	0	0	3.7631	0	0	0	0	4.3487	1.9498	0	0	0	18.6333	7.0954	0	4.1964	0	2.6066	0	0	0	2.8258	11.3267	6.3612	5.969	7.2403	0	2.6549	1.9962	0	0	0	2.2943	4.7908	0	5.2395	0	0	0	0	0	0	0	0	0	0	0	0	0	0	0	0	0	0	0	0	55.3891	11.4911	77.9942	0	0	0	0	0	0	2.4213	0	0	0	0	0	0	0	0	0	0	0	0	0	0	0	0
Fusicatenibacter	0	0	0	0	4.2612	0	7.1305	0	4.2976	0	0	0	5.4005	0	0	0	0	0	0	0	0	0	0	0	0	0	0	0	0	0	0	0	0	0	0	0	0	0	0	0	0	0	0	0	0	0	0	0	0	0	0	0	0	0	0	0	0	0	0	0	0	0	0	0	0	0	0	0	0	0	0	0	0	0	0	0	0	0	0	0	0	0	0	0	0	0
Gemmiger	0	0	0	0	0	0	0	0	0	0	0	0	0	0	0	0	0	0	0	0	0	0	0	0	0	0	0	0	0	0	0	0	0	0	0	0	0	0	0	0	0	0	0	0	2.3185	0	0	0	0	0	0	0	0	0	0	0	0	0	0	0	0	0	0	0	0	0	0	0	0	0	0	0	0	0	0	0	0	0	0	0	0	0	0	0	0	5.1043
Haemophilus	0	0	0	0	0	0	0	0	0	0	0	0	0	0	0	0	0	0	0	0	0	0	0	0	0	2.0203	0	8.6529	3.7232	7.4708	0	0	0	0	0	0	0	0	0	0	0	0	0	0	0	0	0	0	0	0	0	0	0	0	0	0	0	0	0	0	0	0	0	0	0	0	0	0	0	0	0	0	0	0	0	0	0	0	0	0	0	0	0	0	0	0
Holdemania	0	0	0	0	0	0	0	0	0	0	0	0	0	0	0	0	0	0	0	0	0	0	0	0	0	0	0	4.5207	0	0	0	0	0	0	0	0	0	0	0	0	0	0	0	0	2.1521	3.3237	0	0	0	0	0	0	0	0	0	0	0	0	0	0	0	0	0	0	0	0	0	0	0	0	0	0	0	0	0	0	0	0	0	0	0	0	0	0	0	0
Hungatella	0	0	0	0	0	0	0	0	0	0	0	0	0	0	0	0	0	0	0	0	0	0	0	0	0	4.9361	6.889	14.5398	2.3284	3.7554	0	0	0	0	0	0	0	0	0	0	0	0	0	0	0	0	0	0	0	0	0	0	0	0	0	0	0	0	0	0	0	0	0	0	0	0	0	0	0	0	0	0	0	0	0	0	0	0	0	0	0	0	0	0	0	0
Intestinibacter	0	0	0	0	0	0	0	0	0	0	0	0	0	0	0	0	0	0	0	0	0	0	0	0	0	0	0	0	0	0	0	0	0	0	0	0	0	0	0	0	0	0	0	0	0	0	0	0	6.7963	9.3008	0	0	0	0	0	0	0	0	0	0	0	0	0	0	0	0	0	0	0	0	0	0	0	0	0	0	0	0	0	0	0	0	0	0	0	0
Intestinimonas	0	0	0	0	0	0	0	0	0	0	0	0	0	0	0	0	0	0	0	0	0	0	0	0	0	0	3.8051	0	0	0	0	0	0	0	0	0	8.3846	16.921	13.814	19.021	8.0097	5.0121	0	5.5261	0	0	19.4824	3.9825	0	0	0	0	0	3.3548	0	5.6413	10.9585	0	0	0	10.363	0	7.7939	0	0	0	0	0	6.5421	2.6103	6.4328	2.3534	0	0	0	0	0	0	0	0	2.0138	0	0	0	0	0
Lachnoclostridium	0	0	0	0	0	0	0	0	0	0	0	0	0	2.7753	0	0	0	7.6009	0	0	0	0	0	0	0	2.8102	16.7287	9.473	0	6.1736	0	0	0	0	0	0	2.2838	4.0422	4.3608	2.3785	5.0768	7.9217	5.2958	11.3227	33.1019	38.4388	0	0	4.8517	3.1487	0	0	0	0	0	8.8647	0	0	0	0	2.201	0	5.8052	0	0	0	0	0	0	0	0	0	0	0	0	0	0	0	0	0	0	0	0	0	0	47.9766
Lactobacillus	0	0	0	0	0	0	0	0	0	0	0	0	0	0	0	0	0	0	0	0	0	0	0	0	0	0	0	0	0	0	0	0	0	2.205	2.6511	0	0	0	0	0	0	0	0	0	0	0	0	0	0	0	0	0	0	0	0	0	0	0	0	0	0	0	0	0	0	0	0	0	0	0	0	0	6.5191	0	0	0	0	0	0	0	0	0	0	0	0	0
Lawsonibacter	0	0	0	0	0	0	0	0	0	0	0	0	0	0	0	0	0	0	0	0	0	0	0	0	0	0	0	0	0	0	0	0	0	0	0	0	3.6253	4.1473	2.7675	3.3468	0	0	0	0	0	0	0	0	0	0	0	0	0	0	0	0	0	0	0	0	0	0	0	0	0	0	0	0	0	0	0	0	0	0	0	0	0	0	0	0	0	0	0	0	0	0
Mesorhizobium	0	0	0	0	0	0	0	0	0	0	0	0	0	0	0	0	0	0	0	0	0	0	8.9974	0	0	0	20.1537	11.7592	1.9676	10.4259	0	0	0	0	0	0	0	12.568	0	12.6512	8.5732	11.7318	0	0	0	0	0	0	0	0	0	0	0	0	0	0	0	0	0	0	0	0	0	0	0	0	0	0	0	0	0	0	0	0	0	0	0	0	0	0	0	0	0	0	0	0
Methanobrevibacter	0	0	0	0	0	0	0	0	0	0	0	0	0	0	0	0	0	0	0	0	0	0	0	0	0	0	0	0	0	0	0	0	0	0	0	0	0	0	0	0	0	0	0	0	0	0	102.2647	96.7858	0	0	0	0	0	0	0	0	0	0	0	0	0	0	0	0	0	0	0	0	0	0	0	0	0	0	0	0	0	0	0	0	0	0	0	0	0	0
Monoglobus	0	0	0	0	0	0	0	0	0	0	0	0	0	0	0	0	0	0	0	0	0	0	0	0	0	0	0	0	0	0	0	0	1.6787	0	0	0	0	0	0	0	0	0	0	0	0	0	0	0	0	0	0	0	0	0	0	0	0	0	0	0	0	0	0	0	0	0	0	0	0	0	0	0	0	0	0	0	0	0	0	0	0	0	0	0	0	0
Muribaculum	0	0	0	0	0	0	0	0	0	0	0	0	0	0	0	0	0	0	0	0	0	0	0	0	0	0	0	0	0	0	0	0	0	0	0	0	0	0	0	0	0	0	0	0	0	0	0	0	0	0	0	0	0	0	0	0	0	0	0	0	0	0	0	0	0	9.139	0	0	0	0	0	0	0	0	0	0	0	0	0	0	0	0	0	0	0	0
Mycoplasma	0	0	0	0	0	0	0	0	0	0	0	0	0	0	0	0	0	0	0	0	0	0	0	0	0	0	0	0	0	0	0	0	0	0	0	0	0	0	0	0	0	0	0	0	0	0	8.1591	11.2406	0	0	0	0	0	0	0	0	0	0	0	0	0	0	0	0	0	0	0	0	0	0	0	0	0	0	0	0	0	0	0	0	0	0	0	0	0	0
Odoribacter	0	0	0	0	0	0	0	0	0	0	0	0	0	0	0	0	0	0	0	0	0	0	0	0	0	0	0	0	0	0	0	0	0	0	0	0	0	0	0	0	0	0	0	0	0	0	19.5222	3.6404	0	0	0	0	0	0	0	0	0	0	0	0	0	0	0	0	0	0	0	0	0	0	0	0	0	0	0	0	0	0	0	0	0	0	0	0	0	0
Oscillibacter	0	6.6917	21.2825	20.6052	28.154	20.9052	28.8362	4.4961	0	0	6.7745	13.6037	4.9959	0	7.1904	23.4615	17.6709	7.7146	0	24.9586	35.1882	36.2848	35.7662	7.7167	29.5751	0	0	0	0	0	31.2078	83.8136	91.9664	54.5429	53.1437	44.8899	10.5036	42.036	7.708	12.5057	17.3997	10.7636	2.5938	8.6869	20.0532	38.1345	74.2854	76.4965	9.752	23.3434	10.5046	6.3078	14.6412	25.2022	18.2178	63.1612	99.589	0	0	0	26.8755	0	25.9546	0	0	11.2441	0	0	0	0	0	0	27.7768	0	0	0	0	9.1733	3.7611	19.8741	2.4311	0	1.7182	7.5843	0	49.6668
Oxalobacter	0	0	0	0	0	0	0	0	0	0	0	0	0	0	0	0	0	0	0	0	0	0	0	0	0	0	0	0	0	0	0	0	0	0	0	0	0	0	0	0	2.2924	0	0	0	0	0	0	0	0	0	0	0	0	0	0	0	0	0	0	0	0	0	0	0	0	0	0	0	0	0	0	0	0	0	0	0	0	0	0	0	0	0	0	0	0	0
Paenibacillus	0	0	0	0	0	0	0	0	2.5013	0	0	0	2.5503	0	0	0	0	0	0	0	0	0	0	0	0	0	0	0	0	0	0	0	0	0	0	0	0	0	0	0	0	0	0	0	0	0	0	0	0	0	0	0	0	0	0	0	0	0	0	0	0	0	0	0	0	0	0	0	0	0	0	0	0	0	0	0	0	0	0	0	0	0	0	0	0	0
Parabacteroides	0	0	0	0	0	0	0	0	0	0	0	0	0	0	0	0	0	6.1767	0	9.5538	8.3883	10.3562	12.0778	8.2724	10.3886	0	0	0	0	0	2.6289	10.6379	19.9368	6.7917	9.6643	48.2499	2.7651	14.3577	0	2.9978	2.3035	0	0	0	41.5355	80.3049	50.9007	12.5706	0	3.2483	0	0	0	155.6512	69.265	308.4548	249.954	4.3895	4.6322	0	0	0	0	0	0	0	0	0	0	0	0	0	0	0	0	0	0	6.5757	0	3.9873	13.9418	0	0	0	0	35.179
Paraprevotella	0	0	0	0	0	0	0	0	0	0	0	0	0	9.9873	15.3988	36.1184	11.9165	10.4104	0	0	0	0	0	0	0	0	0	0	0	0	0	0	0	0	0	0	102.5068	133.2796	73.2593	76.3808	58.8839	58.7653	23.0724	39.041	0	0	17.4742	8.4391	0	0	0	0	0	0	0	0	0	0	0	0	0	0	0	0	0	0	0	0	0	0	0	0	0	0	0	0	0	0	0	0	0	0	0	0	0	0
Parasutterella	0	0	0	0	0	0	0	0	5.6753	3.7276	3.0802	11.0085	6.493	0	0	0	0	0	0	11.2131	11.4051	14.0166	12.9681	14.0246	13.8364	0	0	0	0	0	0	3.4398	3.2481	1.9942	4.1328	15.8348	0	0	0	0	0	0	0	0	0	0	0	0	6.2531	6.248	0	0	0	0	0	0	0	0	0	0	0	0	0	0	0	0	0	0	0	0	0	0	0	0	0	0	0	0	0	0	0	0	0	0	0	0
Phascolarctobacterium	0	0	0	0	0	0	0	0	0	0	0	0	0	7.5453	14.3815	44.9743	27.7772	111.7222	79.9385	0	0	0	0	0	0	0	0	0	0	0	5.5046	16.309	15.6711	7.7179	29.5784	38.4883	39.9927	43.7968	15.3981	28.5021	19.3237	35.1249	23.6245	39.2081	0	0	0	0	0	0	0	0	0	0	0	0	0	14.197	7.426	0	0	0	0	0	0	0	0	0	0	0	0	0	803.3328	22.6788	30.8634	14.4028	43.675	4.5058	1.7592	22.6461	0	0	0	0	0	0
Prevotella	84.7289	208.5475	265.2053	276.7825	0	0	0	0	0	0	0	0	0	0	0	0	0	0	0	0	0	0	0	0	0	0	0	0	0	0	4.4274	2.6954	0	0	0	0	0	0	0	0	0	0	0	0	0	0	126.1517	59.7128	0	0	0	0	0	0	0	0	0	0	0	0	0	0	0	31.4963	3.045	427.0772	44.6014	0	0	0	0	0	0	0	0	0	0	10.6534	14.0328	114.2932	0	35.7674	14.4615	0	0	0
Pseudoflavonifractor	0	0	0	0	0	0	0	0	0	0	0	0	0	0	0	0	0	0	0	0	0	0	0	0	0	0	0	0	0	0	0	2.4761	4.5533	0	0	0	0	0	0	0	0	0	0	0	0	0	0	0	0	0	0	0	0	0	0	0	0	0	0	0	0	0	0	0	0	0	0	0	0	0	0	0	0	0	0	0	0	0	0	0	0	0	0	0	0	0
Pseudomonas	0	0	0	0	0	0	0	0	0	0	0	0	0	0	0	0	0	0	0	6.4204	13.991	13.4806	113.645	48.914	52.9471	2.2968	98.6288	82.4592	42.1569	90.6633	45.4655	21.4517	5.2629	0	17.1366	12.7305	19.8897	17.9503	31.6772	115.5414	36.4467	25.7977	18.8381	34.0365	33.0122	34.6676	2.8561	0	0	0	0	0	0	0	0	18.9755	8.7423	0	0	0	0	0	0	0	0	0	0	0	0	1.985	0	0	40.8544	0	0	0	0	0	0	0	0	0	0	0	0	95.0251
Pseudoruminoccoccus	0	0	0	0	0	0	0	0	0	0	0	0	0	0	0	0	0	0	0	0	0	0	0	0	0	0	0	0	0	0	0	0	0	0	0	0	0	0	0	0	0	0	0	0	3.3227	3.1105	0	0	0	0	0	0	0	0	0	0	0	0	0	0	0	0	0	0	0	0	0	0	0	0	0	0	0	0	0	0	0	0	0	0	0	0	0	0	0	4.8015
Roseburia	0	7.1623	6.1511	0	0	0	0	0	0	0	0	20.9507	10.2893	4.1275	5.4246	19.8861	12.5749	28.4587	4.1974	0	0	0	0	2.3279	0	14.2322	35.3892	3.4905	2.2961	7.664	0	0	0	0	0	0	0	0	0	0	0	0	0	0	4.606	4.4136	7.6122	9.9792	13.5398	9.5015	0	0	0	13.0744	0	24.499	32.6922	0	0	1.9751	3.1117	0	20.6364	0	0	14.3063	5.0731	0	0	0	0	0	57.3868	0	0	0	0	0	0	0	0	0	0	0	0	8.8439
Ruminococcus	6.1581	0	28.3287	36.7798	160.8937	172.3106	151.6572	17.5066	9.4485	6.7331	3.4457	6.2102	8.6362	98.9732	108.1386	202.7193	31.5114	227.4767	150.1647	25.5079	22.3397	20.7369	100.5281	58.1562	66.873	0	0	0	0	0	25.8927	116.5912	120.7736	31.76	18.4561	16.2256	288.7027	125.8789	74.5717	285.2708	133.7192	154.421	62.878	97.6082	76.326	89.1289	387.2738	10.1349	39.233	38.7832	0	2.7798	5.8074	11.8036	4.5265	27.8103	66.2507	0	0	0	44.7278	0	90.0682	0	0	37.9768	0	0	0	0	0	0	240.7909	2.1385	0	0	0	0	0	5.8652	0	0	0	0	0	8.1891
Ruthenibacterium	0	0	0	0	0	0	0	0	0	0	0	0	0	0	0	0	0	0	0	0	0	0	0	0	0	0	2.2114	4.7175	4.6333	3.6249	0	0	0	0	0	0	0	0	0	0	0	0	0	0	0	0	0	0	0	0	0	0	0	0	0	0	0	0	0	0	0	0	0	0	0	0	0	0	0	0	0	0	0	0	0	0	0	0	0	0	0	0	0	0	0	0
Subdoligranulum	0	0	0	0	73.8241	138.9788	128.7482	4.974	5.1049	0	0	60.2998	29.2712	0	0	19.8353	0	2.3688	2.9356	25.034	13.0315	10.5977	26.922	5.1877	7.9291	0	0	0	0	0	15.6579	74.7077	46.1832	21.9329	59.5613	52.1337	100.267	99.1604	40.8714	131.779	60.083	58.2157	9.9917	55.8468	127.9225	371.9747	124.3949	6.471	0	0	0	0	0	18.7086	11.9856	108.5547	77.5116	0	0	0	0	0	0	2.1807	5.0608	37.1346	2.5407	0	0	0	0	0	39.0153	0	0	0	0	0	0	0	0	0	0	0	0	307.5432
Succinivibrio	0	0	0	0	0	0	0	0	0	0	0	0	0	0	0	0	0	0	0	0	0	0	0	0	0	0	0	0	0	0	0	0	0	0	0	0	0	0	2.6439	10.0426	3.3733	2.6065	0	0	0	0	0	0	0	0	0	0	0	0	0	0	0	0	0	0	0	0	0	0	0	0	0	0	0	0	0	0	0	0	0	0	0	0	0	0	0	0	0	0	0	0
Sutterella	0	0	0	0	0	0	0	0	0	0	0	0	0	7.0864	13.2964	20.7686	9.9061	29.0606	10.3535	0	0	0	0	0	0	0	0	0	0	0	0	0	0	0	0	0	0	0	0	0	0	0	0	0	0	0	45.1825	14.1541	0	0	0	0	0	0	0	0	0	0	0	0	0	0	0	0	0	41.6164	0	0	0	0	0	0	0	0	0	0	0	0	0	0	0	0	0	0	0	0
Turicibacter	0	0	0	0	0	0	0	0	0	0	0	0	0	0	0	0	0	0	0	0	0	0	0	0	0	0	0	0	0	0	0	0	0	0	0	0	0	0	0	0	0	0	0	0	0	0	0	0	0	0	0	0	0	0	0	0	0	0	0	0	0	0	0	0	0	13.5908	0	0	0	0	0	0	0	0	0	0	0	0	0	0	0	0	0	0	0	0
Veillonella	5.3541	2.0072	8.5619	6.8505	0	0	0	1.9901	0	0	0	0	0	0	0	0	0	0	0	0	1.8729	0	0	0	0	7.4382	13.5928	21.2508	0	13.8824	0	0	0	0	0	0	0	0	0	0	0	0	0	0	0	0	0	0	0	0	0	0	0	0	0	0	0	0	0	0	0	0	0	0	0	0	0	0	0	0	0	0	1402.4769	93.4795	112.1491	26.3126	35.5531	0	0	0	0	0	0	0	0	0
Victivallis	0	5.9901	6.5166	8.3229	0	0	0	0	0	0	0	0	0	0	0	0	0	0	0	0	0	0	0	0	0	0	0	0	0	0	0	0	0	0	0	0	2.5121	3.0228	0	2.9879	2.7463	2.0407	0	0	0	0	0	0	0	0	0	0	3.3407	0	0	0	0	0	0	0	0	0	0	0	0	0	0	0	0	0	0	0	0	0	0	0	0	0	0	0	0	0	0	0	0	0
Vidavervirus	0	0	0	0	0	0	0	0	0	0	0	0	0	0	0	0	0	0	0	0	0	0	26.3363	0	0	0	0	0	0	0	0	0	0	0	0	0	0	0	0	0	0	0	0	0	0	0	0	0	0	0	0	0	0	0	0	0	0	0	0	0	0	0	0	0	0	0	0	0	0	0	0	0	0	0	0	0	0	0	0	0	0	0	0	0	0	0
